$ANSIBLE_VAULT;1.1;AES256
32313065646430313963656532393863366631633564313062663234366630356432653035363163
3439636238656436393434666562623561333266303365330a633936373439306465383865313931
64623662323834366537633136323035393833346438373462386537666565623137366165393661
3235626666323137310a323062623637373463303734313139363530363231313762343036356230
35306635613664363436643134616665633962383934643261656230353631326161623331366430
39366337313135383363636265326363653133346233343934356138663864623739666439653462
63333834623438656230306234356539366433363336653932383537343136656137653535613139
37313634393531376461663935636231316638316638313333646666623261633130343733373831
65383234343935376662653939616565333235613736313937656230323930623563616339383935
62323532663464333333356533653662303065653830306334653262656562613935393561626561
62633964303766303966653165356132303639353232633230383061656462383537663030656434
31623239653762363631383966303939653461383338636434336537306631356262383630353265
34386534313764373630666433613765323633353265393765636561326632333661646130343032
36633037326361303266326661363733636564613466373933346565396134343632303733613163
33653763656235326436326561333261633233623666373665613335306661663933393933313937
38333636653630303232663661643731346631613737643632643538383235316230376234653338
32636664313162333966623137666133623333316539643332366137326432396132656633336139
39623265363963646433646365303339343236393764613734656533323333306136376461393537
66653637343034386334656435376431393836353036623862376134653031666534613461663937
37343139313961313662646361346435316237663165333163373737386139613531346466613237
36633862363330643333666264366663326561306630343237373865393262643935656538633931
34383965313234346337393763363463313866336164653766313661326166303633383739656361
35386562653864373536623332373630383930386435356535666139383235363230336138326662
36366531663331653638616163393533623565366630636563303864646331353230633633653133
61313730356164643265666465653739383736663964316635306165373734653137383466363661
35616534303030643434623863356436623335323938393230376336653034366662633664623934
38346131303238393364646235336466383764363731353461356431323934376361353763633162
31656335396532663133633364353865336666333333653739363635666665666363613233653732
62343862616334626463353637313734363066323536303235653838376366666535616464396238
33396366663637386336646136313130356634316132626535373765303236326462623533636465
32643931653664386634386337343538393363646232623966653633393530653833333730356237
31613332333366653863363331323866363133643732313062373432646533643639366132303331
37373230623238313436613164393139356431616263613564316566343765383839323837346265
34653562396564666238623734363938643661623233396131303566343766336432393038363262
33373339373338643763353736356435333032663665356365646135393331376630626439313536
66636461366332333732633562663033323464316633633662313338336462666238613861303737
31346137326633303534656232326139303664373532393435396466373939326538343930626266
66373062626535303336356133353262366364333338633766393739313863376232303466346430
35663235636565393633613131373433316664646366366562356435346266376265666337656633
31636634316161643732313663326131373935363939363233363933333732633732363336616437
66356564336332323936613263323961656536636263393735663064633239323062316262643864
35346566323134366136343534373835323131393962386364633836383838613439666536346433
63656232623337336561353238613930613132613765656534643866633563623032663632393861
31323961663736383035343534373932383438376532353064323433646430363365323730316435
34383331366131396530633138343330303562393166396534343634376530306161336462666164
37346330386235343565363131353736616365386630363237316435636232626465376631343738
66313864633062646131363435326433336262396164383166356434323031666334636537376536
33393738376166313462383262356538346261316133386564633631376336376337393433343731
66363861323234326664343937386434373437633235323636313230613734613136373738656232
32623266383133373862353733383032643263306565353765356366353435636233636266663966
32303465623239313432326563353064373039613731343533666261373539623136323533343862
35343531363164623463633365386637313163346366376364383033623161666337393230643464
33363739643039633035323833616532333961653862383038633364363463303164663166383933
65363631366232336231343961643738353964613461663931363837396464373164383138366361
38313435653866663233306537316366303935333231636465363264333566623435333965326339
38336435636234636631343931313332303065326536313938366163393038623436653037616139
33333933373634396565643263376138313764383733366163386661356461616362653736666662
32316461633335346366373136353830666562373265626366636633383463376135396566623239
31383338363536643563616433326466643765346533323039303834323930643061663934383834
32626665633137353938653665343561356665353232313739633563323064383532646564316134
61643334366331643764333464616466393933356537343961316562366261306436356534383437
34323638656336313864623562356639636639343766366434646563366235343539366263623033
61343731376565646661653037396134656333333661376662663435396238343766646537613431
64303734616362663230316133666139373763343233366334326233336134373238363437366532
35396662353361343232333435356233373461326233613233326663313761643131633363396633
62303465353437373365613730313238303235646462393736303066656162333765373031383434
32363735356638666136626330616532303065366637363435366663386466653437623636646533
32373433636166373063643265393434616232363937613034656266653734306432633361336134
61356131633738346631336437616234643261306234383238313939363362356464666363343539
64316130333165633636376136633765316430643739333239643530333862376262653030383938
35653461613562383762636630656265356431353437376338373431373731373836633665343131
30373334666535396530373634373164623463623765353063363635393634373536356461376237
66623066633236336635323164303164613036373932326530656361323463396438303162336331
63623238623438383566636536623530333733386161643032646234636665393562336533623837
65326361383238393465363566663533356562313766633963346563363232646161396139656436
65653738366637373534653630343533353039623231383037313464653130623635613830343738
33353364636631303233353761613439393439353264616664616138623635653366616638646637
66313630616666313266656531393165383733323762306332373931623630303732636537316434
37656536643030386365623664353435323364633034326637386266303033333234316235363739
66356236653535333231386664383038353838383565363564333065373662616137663132346334
64386636353131623332336466373139393930626564643038306331303231333636326235613866
37636234356533306639383163306235313032623531646231363433316533373066646464326138
33643239396337303661373039383739393539356633383463386439343832646337326363343265
39323530333033356535356530366665633434323765663562613466326364623633393163623132
64623737323431643966333866323132353265333461363737656332646239383631363562303263
31326166653637396336393761353461336465313739343565363065633833343764666230316163
32346339303565376637333665363235616366666134643034386636356435313134646538633964
61376230333864383932616236653836323433386164336165333134333262323435343234343262
36356336373232333261643430613563633531396161383437636231653931396661373730636662
34623636656164633063633434636430353036656434343831616262643063336266663230356632
30643533356638353165656261383331376530613036396262613934366261613464316666613639
36376239353837643732383335616436626437643366653361663535656532326564376537373731
33643331366138353536396431333965666261356639653962323832303166343135303165633665
64303163666139333339383865353032353834323632613037643964613364633439313063376465
63333865356265663563343632626365343533353138633037633735623938303138643938383938
39326336363663356662323064616335393330383536343734393138346636356332623438613566
30343132663861393637656534616634626637336561346464616530346463363663323336383932
38666634363536616161326562323133663366636264333162396336376232656535623439356163
36363366323031376331613965346464363166653661633230343233383266326434643133366362
39336532366339656532313032623362353933343338356131333830383339616638623961376636
38643036653439663031363666353130376338636261366333393433353333656362646462313633
62383366663735646439623064333763653864393336346136373231613533363331626434626235
37646561613430616266313065303931646564616337336139373462386135633662383434343263
36653239343933623531613830656332626533353164323933333730333430336265623364383265
37353931663565333963333161373436333666306337313436383738333139386532353838656538
35323664323136306536633639306431303761613163356639353837356438663732643039303937
66613332616339663965653061306134326465353532303434343534653866663461346335663935
38343934633564666131333366633839326261313862636466616164323562366333376366666130
62613434373534393130303264393235663765363864396533636231656366313634653261643735
63383738613433343038326134323134353133393865303831616533616331363631346464306662
64313462353762303039623762633032623930393564666464363665613433373461303334316432
34383534616666666566653631303234613635393261643839326533636436323635306635396537
62643564633466633332363561626434373036386261613134356436646465623938613832366638
31366432306663613530623464626133653933393564353939353339336138656335623735333661
30646132396230333766353934303235303962653135666435636433343634373734656130636664
63373562363965376137343765323562396538626561356164303262323561633531373832393531
36313163393866313130386362663632663961313732376331313764396135366263616638623262
35373730343234373533353936383531343162616330386463343534303064386331613531363065
39363833646366343636323361326262396135326162323862333565366635333934653439376235
35356537653363646334316265393164343865613335383935343934363630303762663465626365
33306433373830396536633233313631373364663933366435353639323961313539343331353937
61393733373866623461366661383163623337643130626230303939306338643261343335633336
61633731653037613736633931313131613561313834373739663830336535656539303565643931
38306530333833633465383563396364386166336161323334663837333536333836613730393931
31666431383566366366303765313331373365326633393561326531326635653439643736643164
32383333356563663763643134346162366265373038343832343833626231376639373937373532
35336638613030363165316331313234643936313836643939396363396234326431626235646439
34303637646266373037393033346563333137313630306365343065323836643439643138643037
62343138613038396132333333646636383932373838613361343634393666356438643132663237
33623164656331303233646437333833366136326634353832383663373039376530626331393732
38316265363932353432666638646536393964666166343830326561636631653236393236326630
33646439326363653830613035376332326138316336626235646437363834663662666565366662
30643561393831633531666261346463323166383363633735666138373366353263323536373231
37616263613033313565646663633233303064366662623530393361316434313338383031336366
64383631646666306638313964396465386362303630613131373334656562343361393336373334
36356334363837633435306262313663616361636439306262613763333333383538393265303036
63393036373534333431663439346561646537343337333736653039646236366430323062363933
61663566363530333238396632306364386438613832343364666630386261383965363462646434
64353864326335643539353136636537313466663438373362333933646663666563333036393666
61323838343738353064653065656438306636626163366264353830613931393264396531653934
37663335663737633531643432303633613932336436396261623365323036363935366231393731
36323033376230303564663261393239616235613035623963343939353935633231346635376336
34313234393566373564316235376539636666366638363964306366326464613939633366633833
65326530343333653838363330613962633664646261313864663861316362343630323834316437
66343461376166343964396435373231343161366434316334626564393733396265653133626663
35336565316665303633656631373731663036373662653865376563653038353132653931643766
65336663376463306439393961333937373661336465306435613537643536313366313564656266
32646639333263663237353332663961353738623331663637376139383235393835626634653364
66343665373961353132643935653964646235376462663162656235306363346466653063643736
39303039393135633161646636383138663766353032336435666231316630666365366361396263
65383161366566326163383863323039653963646435663834626237656537656538306130363637
66636465656163376230373836343734643961323437303235646234653662336633366239663438
36356232393236313434633265363461393162643565343934666432626637626465633961363966
33353866616531313739633762303963376266326331323938346438646532626537303135356632
64316562646561626666346366316562386133313463613166373461613066353530653763653138
62346264363265383035336561326639386565656232353234386634356535366166663332613464
62363635326339303836663838656635333939323530326231306233613836633437313737353563
66343233666436666661396566306664366462653237356633663665303665666263353334303865
36323538306331343465643164666564353062643736663364616233316264386335316361306238
37646561383561636463366630313863356430306535666563356233393965636534613366613339
38373934396365646230373232366266336461396532363665373739396139353661366633323334
32663739343566663564666533663332313532333361613061323435383732303030383038343963
34613262653363393339623266336464383563343434363039343161326137646665623665383334
30656537313363373237643236333965396263653038353235306139363765633166393431656430
30353531333039303263306639663561313435626263393230366138303735336462633331393132
39666561376537333933373836306463636333386564323433333031366665623633613337306566
64306432303338363837366436303333626237653961633163646434636264316666636634653364
30393665323062316262653631316434336237666236656335613239393265363262333965333336
30356163353865353930353964653433616538346338313862353763396633356637376563633437
39666133623365383763336663343033623332383339303435316561623064323734313234373531
39356634343938366462386539323164376634333034663265663437393965336132653764363562
66653464386636643563313966356233626638323335636561636231663638396636646263633534
66313336613632353839366633366166363862393939306563633030306331346634393066616535
65613363613733316435613234663762613862313563393435306166373164633133633331343666
35353533356264623863366634323736353837393061353836346431323162333331356266623633
62313661363234386133303337316238623438633935313266313337666439653162353866656333
37353030396631363237376265393365643262336635343861303431306338303166313236386132
37336432613736303431373238623336646433346465313961356336306261373561366639346531
35613733343731343632316366353337343363386539396363376464366132326636343131643566
30353233386131656262323330393962306134316638643937376531343435316433353739363165
38356137386462306139323136663232373363636465343032663236643963636236633965363035
66633664313862383933303361386135393537376232613963613331343130383431643636336338
30633834393837623165653135393462363430303433663130653865333330353964616537353931
35333064636162363132336535633237646533623332313466623832343539343263353839326636
39373536333334393337633364666165656431383835653533383361396233376264333563623263
61623232306464343561666433306665343265623830643664313432623134653830343766623466
31376433376430313761306461643335353239363036316538623266643362353832323134613031
32653361633661643038656436303033366637363662383766663132353066626466353835333038
66666361663835343265613339663434373239313136343962666466653961343562323231633637
62386437356666633538366532333734366232646463633061656234363361353066343561393039
64303034616165353036396134616461343431373538316366396533366135623235643864623532
65393938623139366535343433326564313137626266656239393865383564393134353731376135
39613438663535663636373830643833636363616135326530383233313835333737643362333332
66646566373139316233613734663537333033353830623834666139376465363264656637373730
31373637616430613962663433313531333065343334663634346631646566663733666131363533
37383533323265613935623635316136343236386233373532326238313033643033353438373738
38396539333330366565333762366162633465653631303134663333393037366161393662323465
66356337383936663262316266633465616666326164313831636431616562626562633666373766
31666162353362653465343163326364653863616530393933373566326465666134373763623935
35326239373865326462633839646263636433346137373933393835363534376134306161333735
38353031643032303363383364373636383738333430393339363036313464306336613033653836
39666462336431333733316230633837376236333563343863383635333162623562663664373232
33366432316265616266356336343463356632333363323561346261363737383066643532383763
36653662623431306563636636376165303233656462396561643535633964343531363862643063
38653732663530666330313430666161373437343936643364663036666437313838353430303833
64633562633632336139306233366237313365623161366462376239623266633931356635393039
31626331656533366235336433343337633465636262376331616630643265396539336262616432
31313561313266343630383430663336306537643763386132306166636633396236646361383662
65653039663966666131346266316562616261393465333631313762663763613133643665346463
65626663623337653962363531643563383532643361633262376166666333316137333034623263
64373365336231316161666232663833623639663036383939393535383436633062343865356363
38653939633161653733636532393637383763663038616363643431303535663564636261373765
39373338323466346538633634393436363035616262376534303238643362383532623661333438
61613039353163363263376233353264636461376633336364353436333338306533636566623666
32323263376431376434383330626338666465313633336435663730386435653234373661303935
62636339636264316664626639633238323763353634613763613765353930643565653861303866
37353161373531343334653330623638343262303335626236366336616265316533303063353336
32333833646361636231623163323330333237623864303065313133636264633739646430393631
64323031663935653136393962623266306337363733313538343663636166636262633832353164
39316438323063616239303139346166313734393739376439643534336234623666373461306162
66396134373438323462316432616163393233363737373638343262316564633733383665663839
31343464623239303933353431633234303266646334323633323037356365306534396231323237
36326437356536663161633333393737356265653561393534646162333431363966313433363532
32306534366163663333643837356263643433303436333334666231653131333931306462313666
63386431633730353836653262363438363133373530616133383738643764393835343165383834
39613434303762666234663765653033643339366230373630366562333133613461376434323361
66643261303030323232323435363030326132363035613262323133656132306461623533393133
38653038333932383761636133373334313565663230653561373136366133313762313462613131
39646632393230346662306566333534343139386266633239313434333065353237613864396664
63363863663336363539646361373033306363623437336233386132326134306333386635366562
31633533333563353031653937316165636239633765643639616534646436393266393631623337
37633938393132356462346462386564336337396633323062616630386234356563313633616262
61373533303635663666323736656633383061386265613866313632316630626337646439316665
38643536386131313064333738313730636337343830326531313934373338623736386338356637
30363132303036316163336366393938656531306463313534653166303439366532623637653336
39323962373932306237303363336230613833643533616430333334363330373932663265313263
32333139303363396266643066333037323330393439306433333761383034663139353132316661
33306239626363656238356336353838356536323238656562316235303865376261646436646332
66303833633530633466306335633664386339656336343465663936633361663464373938303062
65643937626130313236323464643237316233313363363965626166313466623737373563386239
34616336373235313762646663346265373636313164316137373437396230336164313034313366
62646235316339333563393364316133323264383335383633636239646331386562316138383166
36666631303337396563346333666235643633643438363963636237363433343337396232623966
39303730363332363964653365643561646333613936643836346438613032643961636263346665
64623765653034346136623166343935313331656439386361663366656633643362346466313539
36666234313031333432646530636432653862613734336137366263313065326165356430316565
66633733653237616163383939376261653639316430303132303938653339353634363665656432
30353065333363333735333134353264626235656466366536653035633266336564643136376538
37313131386164663332373961323439663031373737323765336237363532326265383030663334
65393565343262623563333162306363306461626631646639326131613962393061396437353435
64346164333962666166313838373632616261323539363539366264383061653965353064653765
32333732356531363463356139653762623238633537366633663563353365616362663132373232
65333438373635623264373934383632303132663037323965356335636134303234336166363536
30383863653962613833633331643963356434363763393936316633646335616264366465373164
31643361646165336638376662386434643032366136316664626330613235663763386639343733
37376665653263663430663733663265353963326232626166393832313139636337616364326662
34333662323063393730353033343661663865623864653365333438376634303833313262376231
35663865366664646563666631376466326333653362313266316139363965366361323166666436
33633739386338323761613130663362313662353930373339663437363238343534633764346436
37373335656339633231373964653630326137663235313930373837323936363831653330303836
61366534386231396631326265343765663465366436663465306230636430343862376437626336
66646436363530346238643934303736643066386466353133316666303933386663653432623864
63643338663239376439326535613538633137336563363261633263326630343563643930303863
65353463333233663365343866373139626234303664343639663237633962393866373766393162
36333330653464663235343731626330306535306331633066343131393964626436343864363836
65313133303035393030373934663539393966336265313962363564653339303130376466373264
64303837363733333165343830343138666364316134363263653239363638313231303634313331
35653139393061613630363730343237313938343531666539636464663031613134653136623135
31303631353338623763613364623964323737643132643066623736653839306138323761356630
37636562653438336537376162313332656564336461663731653639376461643435643436313861
38626431663738653334396537643636313262303234633738353166633734343334313235636539
36613964623937616462373436623934633839613361636361323132336265353739396132383836
39393636646661386561303737363539323366653937613761653030303934303038656137316330
65366539373635323231613730633664303062636363306164336663333066616163623866346432
64366538353664636636326464633663666237633466643366356330623263643033336264333930
35653631396561313462333062663533373662393265363735333731303033326361313330613839
61316664613231383830326431363038306265393539383262663536396465616537396131623031
66376336376331376239366136636262333562346166636465643263393932393161326435346162
37653334626463336431623930636336346165313937303730346462613164633838343836636330
31623138373730386331343962343635383639353331333466633030653833313462383961316430
35663761393831366436623433343766346435616638663061363766326134383832633966666133
35613364633938616231336630373739383966346638303536313232323035636537643035303539
61663930393965386464653263383038353432336135613137313664343031663736623863633936
64323437666135666438343638623532646363363362306565613065396165366162373065373237
65636436383665346164353663383831303563366336386233393466386231373065616264636237
36663364303863373038306263633765316362303036353538663836303631366332383465366561
31646332376463303764313036316238353861383235393137616262663964383331356337316131
66363030653265663563613861643733626136303136613539383133363535663035366162353566
30326362366631363466373363366665633235643236373734346530633865616265633635313563
36663338333862616435353462313661363138303866316435313962636437396334313461373239
63346666313739393438386230643036343963653864636637343063656435396464363561626365
37663262316230343432343535623539613632366330366635313162666638336530396438316232
64663438623937623938636262343431343430363230613930646566613666303765616563366262
38316164633062316363653262323061613731303239663135336564306264653539666338613664
66316563393237333563333937383663616435326337326562613262326139393033393766633134
37346134336238343061353564646366616630326431626537363435363830356434356636356163
66356161356135616231383930353266333963333465386537366261386366353162393037623062
34393833623934343033343334333032353232353965663863336633306365333332393531313732
64663939643166353338653966616232346361363665666236383932303832633134383630623738
30663335336662333064316132353563653838386330353830366531656164323532633236386133
31333435393538623630346134646237313233616237346162333831316463363830613635303833
63366465646632393334386439353934353264363165303066383836346339663066656331313366
62323264313536656436336339336336613331366461663536303563616132643164326162656434
30333966643133366232353933636233653266646665326331323036373039626230336536323137
30306561643361383932373332623163663666336638666138666532613933386130346262643831
38636538333437653734336563303063393433666332303864323837343132393932356238663564
30613264616365373837303033376263636366373762396465326130356265316436663632333662
32363738303230623335633662636166653538656434623836333131646532383935643031633234
35323838643330386337303364373261626233373336323232333664366230663632313464303863
63656438303432643835636265366134623764303335646534613239383535633234396561623266
38663762383465316632333764303564303164323333323461316430316361313466666366613036
63336461323332386630363237623132376233383965356266663865303137366435306362333330
33366539306461626532633135646631323261613836343136643734313338613964316437366466
38383230353863613935623536373961643734373230326163373239343763373437383834316163
65643163316437313532623265643466393836633638396335656366323930643264343265386136
66633232613363646465663332663935393337343837303166643238393266303639653436663135
38616632393661353037343530376638646464303436316635643366646163616238396535643061
32323063643937646364656166363466313237623435333666313634613931303436383762663834
62663838343935366533393433633637343634393232386436666433363366346337656639633263
38326666646564396262353730653931313932623834376165306462663835313466343465626339
30613036396632396565663834653332663537313366653664663461383631393664373736313764
64633535316261363132346266323866633862623531613534323531643634643131656231303364
32656539393436333138316562313537663930336232666530383937383434326432343933646135
33393830623439613335336462373565316137313631323131633538303263396535313832636632
64636139353631306339333431353035363162326263613732633534346163646363393436633134
38656330363433613664313831643239393430396563366362636133633038316137336364386334
36623838373734343331613234336462313965363735396662303838633964346231656563316234
65323831326438643932346438356239666238373639653465343335643262653263383731623735
36636261313562623564393131313066376335326463306632343330333130333065316333313837
35653435643433353866396231383139336363653631363936336435653239373965623463393639
66306637333234333166396431343364373536346134313935396133346365343261636666303839
38356532333839626531663939643437663262613962316465333861663864313430333937383734
32336663646337366636663232343939616333666437313533313732613464393731383565313164
38313835616530643363663030356465303262336163643464396363626264373164333535613335
36343331626266323438326464326638316630376430323265336534333163326239313330306532
37633962303163633335373364346461643730383437646238323138333938663465343362303431
32356133333339306633613036396565353734326362366562383434643466333137336365326564
37333266383032376336666439623661646331356265363333393532323030363765383036363666
37646237326664343061646436663833656533613938656663336362616130323364326663383833
37623134653539633665383533366564373831316334616463386639616465666232633763363034
62316431323335303633373630393465326464393931393666663265386434346131323161313837
62653166326366333165626631396164396463353937313061393265383432336437306563323966
66376636396465343162386464323932363138373737316438623161666162636165363365383336
63643661333836316462393835623832306262383930353836613235353235616335323332643465
64353838623236333266383631333663336566373536663834396265656564643536356366396665
39633638336433343261613537346566316463623236383132343465306562386234376661326233
66336637623032636534396130613134386134356662383133333964356265306165356433383034
38343338376163656531623266393235323633656430646362333532623539633861646663643664
30663663613736653963633261316366343737316163303431623737376538323337663635383831
35343432616536396561323139633537646164636230616636623430353265663966643565326432
38363430343932346437363966663630326431383531383962646236653633656235313836383439
39343636613736663435
